G003.60-0.98	3.6000000 	-0.9833333 	9.54         0       
G005.58+0.55	5.5833333 	0.5500000 	6.40         0      
G005.74+0.51	5.7416667 	0.5083333 	6.02         0      
G011.84+0.77	11.8416670 	0.7750000 	25.55        0      
G012.77+0.41	12.7666670 	0.4083333 	19.08        0      
G012.82+0.32	12.8250000 	0.3250000 	19.01        0      
G012.82+0.34	12.8166670 	0.3416667 	18.62        0      
G012.83+0.31	12.8333330 	0.3083333 	19.09        0      
G012.87+0.56	12.8666670 	0.5583333 	18.42        0      
G014.24-0.52	14.2416670 	-0.5166667 	19.77        0
G014.29-0.61	14.2916670 	-0.6083333 	21.12        0      
G014.32+2.68	14.3166670 	2.6833333 	15.49        0      
G014.51+0.76	14.5083330 	0.7583333 	26.95        0      
G014.73+4.05	14.7333330 	4.0500000 	28.89        0      
G016.46+1.77	16.4583330 	1.7666667 	19.86        0      
G016.79+2.49	16.7916670 	2.4916667 	35.20        0      
G016.92+0.96	16.9166670 	0.9583333 	20.70        0      
G018.19+2.59	18.1916670 	2.5916667 	28.10        0      
G024.54+0.56	24.5416670 	0.5583333 	43.69        0      
G028.02-1.12	28.0250000 	-1.1166667 	2.77        0      
G028.30+2.19	28.3000000 	2.1916667 	33.79        0      
G028.94+4.53	28.9416670 	4.5333333 	7.11         0      
G029.05+4.60	29.0500000 	4.6000000 	7.24         0      
G029.11-1.72	29.1083330 	-1.7166667 	4.66        0      
G029.98-1.34	29.9833330 	-1.3416667 	9.02        0      
G030.17+4.98	30.1666670 	4.9833333 	7.66         0      
G030.40+3.44	30.4000000 	3.4416667 	38.45        0      
G030.65+2.73	30.6500000 	2.7333333 	7.89         0      
G030.74+3.17	30.7416670 	3.1750000 	10.53        0      
G030.79+3.02	30.7916670 	3.0166667 	10.21        0      
G030.80+4.82	30.8000000 	4.8250000 	8.16         0      
G030.80+5.23	30.8000000 	5.2333333 	8.08         0      
G030.86+5.22	30.8583330 	5.2166667 	7.84         0      
G030.89+5.17	30.8916670 	5.1750000 	7.83         0      
G031.84+2.62	31.8416670 	2.6250000 	8.39         0      
G033.32+0.81	33.3166670 	0.8083333 	10.55        0      
G035.18-0.10	35.1833330 	-0.1000000 	13.68       0      
G035.57-0.92	35.5750000 	-0.9250000 	34.10       0      
G035.92-1.43	35.9250000 	-1.4333333 	32.41       0      
G036.22-1.06	36.2250000 	-1.0583333 	11.43       0      
G036.40-0.07	36.4000000 	-0.0750000 	29.84       0      
G037.13+0.17	37.1333330 	0.1750000 	18.05        0      
G037.46+3.06	37.4583330 	3.0583333 	15.61        0      
G038.07+2.97	38.0666670 	2.9750000 	15.05        0      
G038.13-0.91	38.1333330 	-0.9083333 	16.54       0      
G038.38-0.16	38.3833330 	-0.1583333 	17.53       0      
G038.45+1.05	38.4500000 	1.0500000 	37.40        0      
G038.58+2.26	38.5833330 	2.2583333 	14.60        0      
G038.60-0.94	38.6000000 	-0.9416667 	12.56       0      
G038.68-0.94	38.6833330 	-0.9416667 	12.83       0      
G038.78-0.98	38.7833330 	-0.9833333 	13.01       0      
G038.90-1.27	38.9000000 	-1.2750000 	16.93       0      
G039.32-1.02	39.3166670 	-1.0250000 	12.67       0      
G039.47-0.97	39.4666670 	-0.9750000 	13.33       0      
G039.82+0.07	39.8250000 	0.0750000 	42.78        0      
G039.95+1.66	39.9500000 	1.6583333 	28.11        0      
G039.99+3.07	39.9916670 	3.0750000 	29.12        0      
G040.07-0.98	40.0750000 	-0.9833333 	13.50       0      
G040.77-3.85	40.7666670 	-3.8500000 	6.90        0      
G042.07+2.18	42.0666670 	2.1833333 	19.98        0      
G042.77-2.45	42.7750000 	-2.4500000 	7.41        0      
G043.10-2.74	43.1000000 	-2.7416667 	8.01        0      
G043.12-2.68	43.1166670 	-2.6833333 	8.23        0      
G043.16-2.70	43.1583330 	-2.7000000 	8.46        0      
G043.22-2.58	43.2166670 	-2.5833333 	8.55        0      
G043.22-2.61	43.2166670 	-2.6083333 	8.55        0      
G043.74-2.47	43.7416670 	-2.4750000 	8.25        0      
G043.77-2.48	43.7666670 	-2.4833333 	8.25        0      
G046.04-0.20	46.0416670 	-0.2000000 	25.63       0      
G046.98-0.90	46.9833330 	-0.9000000 	7.49        0      
G049.00-0.52	49.0000000 	-0.5250000 	47.06       0      
G049.07-1.58	49.0750000 	-1.5833333 	5.87        0      
G049.11-1.53	49.1083330 	-1.5333333 	5.93        0      
G049.16-1.34	49.1583330 	-1.3416667 	5.42        0      
G049.17-1.27	49.1750000 	-1.2666667 	5.83        0      
G052.95-0.01	52.9500000 	-0.0083333 	21.98       0      
G052.95-0.06	52.9500000 	-0.0583333 	21.91       0      
G053.02+0.02	53.0166670 	0.0250000 	22.13        0      
G053.11+0.07	53.1083330 	0.0750000 	21.90        0      
G053.61+0.04	53.6083330 	0.0416667 	23.80        0      
G053.63+0.04	53.6333330 	0.0416667 	23.52        0      
G053.65+0.57	53.6500000 	0.5750000 	24.46        0      
G053.72+0.04	53.7250000 	0.0416667 	23.81        0      
G053.73+0.43	53.7333330 	0.4333333 	23.09        0      
G053.78+0.45	53.7833330 	0.4500000 	23.30        0      
G053.81+0.70	53.8083330 	0.7000000 	24.63        0      
G055.15+3.23	55.1500000 	3.2333333 	7.25         0      
G060.72-0.91	60.7250000 	-0.9083333 	11.61       0      1
G061.31-2.05	61.3083330 	-2.0500000 	29.35       0      1
G061.32-2.07	61.3250000 	-2.0666667 	28.74       0      1
G062.60+1.82	62.6000000 	1.8166667 	2.72         0      
G077.79+0.41	77.7916670 	0.4083333 	1.45         0      
G077.93+1.74	77.9333330 	1.7416667 	-1.00        0      
G078.44+1.15	78.4416670 	1.1500000 	0.79         0      
G079.42+0.17	79.4166670 	0.1666667 	0.21         0      
G079.42+0.21	79.4166670 	0.2083333 	-0.13        0      
G079.45+0.21	79.4500000 	0.2083333 	0.23         0      
G079.55+0.04	79.5500000 	0.0416667 	0.82         0      
G080.77-0.80	80.7750000 	-0.8000000 	4.57        0      1
G081.17-0.11	81.1750000 	-0.1083333 	-4.56       0      1
G081.68+1.06	81.6833330 	1.0583333 	2.69         0      
G081.83+1.47	81.8333330 	1.4750000 	4.06         0      
G082.16-1.47	82.1583330 	-1.4750000 	2.53        0      1
G082.43-1.77	82.4333330 	-1.7750000 	4.02        0      1
G082.52-1.94	82.5166670 	-1.9416667 	4.48        0      1
G082.53+0.05	82.5333330 	0.0500000 	10.00        0      
G082.77+3.32	82.7750000 	3.3166667 	-2.66        0      
G082.79-1.79	82.7916670 	-1.7916667 	4.70        0      1
G085.13+0.51	85.1333330 	0.5083333 	-2.22        0      
G086.49+0.22	86.4916670 	0.2250000 	0.44         0      
G089.94-1.95	89.9416670 	-1.9500000 	1.63        0      1
G092.00+4.98	92.0000000 	4.9833333 	-4.11        0      
G092.15-2.73	92.1500000 	-2.7333333 	1.59        0      1
G092.40-0.23	92.4000000 	-0.2333333 	4.31        0      1
G093.40+0.01	93.4000000 	0.0083333 	2.33         0      
G093.70-4.58	93.7000000 	-4.5833333 	3.70        0      1
G101.97+3.29	101.9666700 	3.2916667 	-1.55       0      
G102.03+3.24	102.0333300 	3.2416667 	-1.63       0      
G102.03+3.31	102.0333300 	3.3083333 	-1.65       0      
G103.44+2.82	103.4416700 	2.8250000 	-3.03       0      
G106.96+5.17	106.9583300 	5.1750000 	-8.98       0      
G106.97+5.21	106.9666700 	5.2083333 	-9.02       0      
G108.87+2.71	108.8750000 	2.7083333 	-9.71       0      
G108.91+2.66	108.9083300 	2.6583333 	-10.0       0      
G108.91+2.72	108.9083300 	2.7250000 	-9.93       0      
G108.92+2.72	108.9250000 	2.7250000 	-10.0       0      
G108.93+2.64	108.9333300 	2.6416667 	-10.3       0      
G108.94+2.70	108.9416700 	2.7000000 	-10.0       0      
G108.96+2.69	108.9583300 	2.6916667 	-9.77       0      
G108.96+2.71	108.9583300 	2.7083333 	-10.0       0      
G108.97+2.74	108.9750000 	2.7416667 	-10.2       0      
G109.70+2.54	109.7000000 	2.5416667 	-8.32       0      
G109.72+2.53	109.7250000 	2.5333333 	-8.68       0      
G109.92+2.11	109.9166700 	2.1083333 	-11.1       0      
G109.96+2.12	109.9583300 	2.1250000 	-10.5       0      
G110.13+1.61	110.1333300 	1.6083333 	-6.28       0      
G110.30+2.55	110.3000000 	2.5500000 	-12.0       0      
G110.54+1.63	110.5416700 	1.6333333 	-9.84       0      
G110.58+2.22	110.5833300 	2.2166667 	-10.1       0      
G111.07+2.06	111.0666700 	2.0583333 	-10.1       0      
G111.13+2.14	111.1333300 	2.1416667 	-9.92       0      
G111.26+2.05	111.2583300 	2.0500000 	-9.25       0      
G118.37+3.18	118.3666700 	3.1833333 	-4.83       0      
G118.37+3.22	118.3750000 	3.2166667 	-4.86       0      
G118.42+3.17	118.4250000 	3.1750000 	-4.71       0      
G118.43+3.18	118.4333300 	3.1833333 	-4.69       0      
G119.07+1.37	119.0750000 	1.3666667 	-3.29       0      
G119.37+3.16	119.3666700 	3.1583333 	-5.18       0      
G119.39+3.14	119.3916700 	3.1416667 	-4.79       0      
G119.63+3.18	119.6333300 	3.1833333 	-46.4       0      
G120.92+2.94	120.9250000 	2.9416667 	-5.31       0      
G120.92+2.95	120.9250000 	2.9500000 	-5.56       0      
G120.97+2.97	120.9750000 	2.9750000 	-5.17       0      
G121.32+0.62	121.3166700 	0.6250000 	-17.3       0      
G121.99-1.48	121.9916700 	-1.4833333 	-14.2      0      
G126.49-1.31	126.4916700 	-1.3083333 	-12.0      0      
G126.70-0.89	126.7000000 	-0.8916667 	-13.0      0      
G127.15-0.93	127.1500000 	-0.9333333 	-11.8      0      
G127.90+2.65	127.9000000 	2.6500000 	-11.3       0      
G132.97+0.74	132.9666700 	0.7416667 	-42.2       0      
G133.23+0.51	133.2333300 	0.5083333 	-49.2       0      
G133.51+0.12	133.5083300 	0.1166667 	-48.9       0      
G133.94+1.07	133.9416700 	1.0666667 	-46.5       0      
G134.05+0.72	134.0500000 	0.7166667 	-47.9       0      
G134.20+0.78	134.2000000 	0.7833333 	-49.6       0      
G142.13+0.49	142.1333300 	0.4916667 	-15.1       0      
G142.20+1.68	142.2000000 	1.6833333 	-11.6       0      
G142.32+1.35	142.3166700 	1.3500000 	-12.6       0      
G143.66-3.58	143.6583300 	-3.5833333 	-35.1      0      
G143.79-3.50	143.7916700 	-3.5000000 	-34.7      0      
G144.58-1.27	144.5833300 	-1.2666667 	-30.7      0      
G145.56-0.44	145.5583300 	-0.4416667 	-6.32      0      
G148.12+0.13	148.1250000 	0.1333333 	-33.0       0      
G148.36-0.20	148.3583300 	-0.2000000 	-4.13      0      
G148.84-1.28	148.8416700 	-1.2833333 	-25.6      0      
G150.17+4.27	150.1666700 	4.2750000 	4.54        0      
G150.35+3.91	150.3500000 	3.9083333 	3.02        0      
G150.35+3.93	150.3500000 	3.9333333 	3.17        0      
G150.44+3.63	150.4416700 	3.6333333 	-8.79       0      
G150.55+3.97	150.5500000 	3.9750000 	3.27        0      
G151.48+3.84	151.4833300 	3.8416667 	1.53        0      
G155.31+4.87	155.3083300 	4.8750000 	4.73        0      
G156.50+3.52	156.5000000 	3.5250000 	1.08        0      
G157.37+3.94	157.3750000 	3.9416667 	0.79        0      
G172.57+1.96	172.5750000 	1.9583333 	-16.4       0      
G172.72+2.57	172.7166700 	2.5666667 	-17.9       0      
G172.90+2.27	172.9000000 	2.2666667 	-17.3       0      
G173.16+2.56	173.1583300 	2.5583333 	-17.3       0      
G173.73+2.67	173.7333300 	2.6750000 	-16.5       0      
G173.78+2.67	173.7833300 	2.6666667 	-16.5       0      
G176.49+0.15	176.4916700 	0.1500000 	-18.8       0      
G176.50+0.21	176.5000000 	0.2083333 	-18.4       0      
G184.81-3.81	184.8083300 	-3.8083333 	2.70       0      
G184.82-3.87	184.8166700 	-3.8750000 	2.86       0      
G186.06-2.44	186.0583300 	-2.4416667 	1.21       0      
G186.95-3.82	186.9500000 	-3.8166667 	0.79       0      
G188.88+4.52	188.8750000 	4.5166667 	-4.29       0      
G189.11+0.64	189.1083300 	0.6416667 	2.44        0      
G189.34+0.07	189.3416700 	0.0666667 	1.43        0      
G189.60-0.06	189.6000000 	-0.0583333 	7.78       0      
G191.78+0.81	191.7833300 	0.8083333 	7.14        0      
G192.71-3.67	192.7083300 	-3.6666667 	5.24       0      
G192.74-3.69	192.7416700 	-3.6916667 	5.18       0      
G199.98+0.61	199.9833300 	0.6083333 	6.96        0      
G201.91+0.08	201.9083300 	0.0833333 	0.31        0      
G204.86+0.50	204.8583300 	0.5000000 	9.35        0      
G205.30-2.73	205.3000000 	-2.7333333 	17.72      0      
G207.65-1.68	207.6500000 	-1.6833333 	11.64      0      
G208.68+2.30	208.6750000 	2.3000000 	9.13        0      
G217.63-0.18	217.6333300 	-0.1833333 	25.72      0      

